521955
51575588
22559654
44008519
35325512
22178345
39851274
22477383
46299628
48949927
52721294
34231247
23263154
47173907
29479261
64814314
61820506
25280175
25471210
30034174
45343713
20838247
39935976
28520078
23479507
19956981
34009751
25065016
22710202
30110688
24285636
25425062
31603434
21346189
38911216
20893076
26245396
20668443
20373632
23339944
66722762
35879728
69409268
35796536
42827546
26072893
20256768
37927505
20742380
20543288
40628214
44844216
23841530
11740
34889598
51530756
35970319
31619857
35458484
46180441
28391284
54700378
20020537
43776383
22418656
38179968
34023490
34105130
56957260
21399602
48689268
22290455
50102297
24869376
35391685
24523151
19980241
20014418
39176787
36121780
26187354
21409853
67710832
66063355
53785417
24521066
23133419
38851856
20268887
23999483
39722620
20964768
26411813
47445067
37558125
22001297
29243990
19708311
21838552
44463450
25076450
47096076
43942413
32414525
37458385
44814330
41904685
32733242
24080543
34123747
50966504
21641588
51117132
21497902
30111092
21361846
36563545
24609499
46579233
26593061
50989313
30062794
37175148
30072880
55069233
63954
59107513
31244579
45818532
49301482
53807371
66642732
46680622
64270770
23835892
22684061
45712128
24390113
32975776
30399937
68669544
49980073
54925354
46091631
40272425
47655941
149254
41455
26484404
51676853
37996054
25285432
32611483
19695389
40082944
22055907
35222086
26549102
43201722
44332837
23492234
64949585
64916818
45929460
40622687
50523770
31421627
49268229
37301729
33993352
40393868
39745707
45345196
21410324
29049143
